step             energy density          mag density             duration
0                -4.0276070E+00       -2.4414062E-03        1.1040000E-05
8                -3.9979081E+00       -4.8828125E-03        1.4220000E-06
16               -3.8630655E+00       -1.0009766E-02        1.2757000E-05
24               -3.6839212E+00       -2.1972656E-02        5.5800000E-07
32               -3.6352403E+00       -2.1484375E-02        6.2100000E-07
40               -3.1114185E+00        4.9072266E-02        8.4100000E-07
48               -1.4855752E+00        3.0761719E-02        4.1689400E-04
56               -1.0053881E+00        1.2451172E-02        4.9703500E-04
64               -1.0128900E+00        2.5878906E-02        5.2334700E-04
72               -9.3832513E-01        1.7333984E-02        5.2537600E-04
80               -1.0393486E+00       -6.3720703E-02        5.1967900E-04
88               -9.7551066E-01       -1.0742188E-01        5.2778300E-04
96               -9.9598293E-01        1.5551758E-01        5.7136800E-04
104              -1.0151021E+00       -1.8505859E-01        3.5620500E-04
112              -1.0444192E+00        6.6894531E-02        4.8298100E-04
120              -1.0025032E+00       -1.5356445E-01        4.8834800E-04
128              -1.0249337E+00       -1.0375977E-01        5.1212200E-04
136              -1.0097868E+00       -1.1962891E-01        4.9235100E-04
144              -1.0206407E+00        1.7285156E-01        4.8886100E-04
152              -9.9084031E-01        1.8164062E-01        4.9014600E-04
160              -1.0649017E+00        1.6552734E-01        4.9580700E-04
168              -1.0410317E+00        1.2207031E-02        5.0479000E-04
176              -1.0278938E+00       -7.3730469E-02        7.5516000E-05
184              -1.0390329E+00       -1.8090820E-01        5.2745300E-04
192              -1.0605122E+00       -1.9775391E-01        5.0112000E-04
200              -1.0321716E+00        1.6601562E-02        2.5520000E-06
208              -9.9074892E-01        5.2246094E-02        5.0406900E-04
216              -9.9655245E-01        8.2763672E-02        4.8274000E-04
224              -9.8333331E-01        6.4941406E-02        5.0916000E-04
232              -1.0257935E+00       -2.3925781E-02        4.9759300E-04
240              -1.0209716E+00       -1.6284180E-01        4.7970400E-04
248              -9.9658799E-01        6.9824219E-02        5.0743300E-04
256              -1.0156005E+00        7.4951172E-02        5.0484300E-04
264              -9.9266143E-01        7.5195312E-02        5.1025000E-04
272              -1.0250048E+00        4.2236328E-02        4.8561500E-04
280              -1.0376493E+00        4.2724609E-02        5.0626900E-04
288              -1.0512755E+00        5.1757812E-02        4.6357900E-04
296              -1.0151782E+00       -1.0131836E-01        4.8221600E-04
304              -1.0439716E+00        1.0449219E-01        4.9741200E-04
312              -1.0386563E+00       -4.0771484E-02        5.0240600E-04
320              -1.0196387E+00       -7.0800781E-02        5.1435000E-04
328              -1.0123298E+00        1.0644531E-01        4.7468800E-04
336              -1.0260473E+00       -1.4599609E-01        6.5760000E-05
344              -1.0357571E+00        1.6870117E-01        5.1425000E-04
352              -1.0259458E+00        1.7822266E-02        2.3417000E-04
360              -1.0240942E+00       -1.7553711E-01        1.4011100E-04
368              -1.0440071E+00       -6.7871094E-02        3.5441400E-04
376              -9.8587118E-01       -1.8090820E-01        5.3541100E-04
384              -1.0293079E+00        1.9140625E-01        4.3442900E-04
392              -1.0161700E+00        2.1997070E-01        5.2691900E-04
400              -1.0260067E+00        1.7480469E-01        5.1754000E-04
408              -1.0112973E+00       -1.9018555E-01        3.2290100E-04
416              -1.0136677E+00        2.0068359E-01        5.1671000E-04
424              -1.0126657E+00        1.9335938E-01        4.9552400E-04
432              -1.0132302E+00        2.2216797E-01        4.9803400E-04
440              -1.0307931E+00       -1.6210938E-01        4.9451900E-04
448              -1.0361337E+00        1.2622070E-01        4.7385600E-04
456              -9.9662353E-01        1.1181641E-01        5.1467900E-04
464              -1.0542407E+00       -2.2314453E-01        4.5469600E-04
472              -1.0283517E+00       -6.6894531E-02        5.0835300E-04
480              -1.0079098E+00        5.2978516E-02        5.0151300E-04
488              -1.0278837E+00        6.7626953E-02        5.2057700E-04
496              -1.0122587E+00        1.0449219E-01        4.9218400E-04
504              -1.0132505E+00       -1.5478516E-01        4.9859700E-04
512              -1.0113177E+00        2.7246094E-01        5.2900500E-04
520              -1.0215665E+00        5.6396484E-02        9.6622000E-05
528              -1.0313524E+00        1.6040039E-01        3.5974900E-04
536              -1.0152087E+00        1.5307617E-01        3.6062100E-04
544              -1.0273954E+00       -1.5551758E-01        1.0065800E-04
552              -1.0273396E+00        6.9580078E-02        5.0168700E-04
560              -1.0445005E+00       -1.5161133E-01        4.0946300E-04
568              -1.0361692E+00       -1.0034180E-01        5.0211300E-04
576              -1.0386056E+00        1.8798828E-02        3.3209400E-04
584              -1.0088052E+00        5.8593750E-02        5.0673700E-04
592              -9.8878564E-01        1.8066406E-01        4.7199800E-04
600              -9.9859696E-01        1.6723633E-01        5.0591700E-04
608              -1.0029661E+00        4.6386719E-02        5.1236900E-04
616              -9.9710673E-01        6.6650391E-02        5.0195500E-04
624              -1.0151224E+00        6.3720703E-02        4.9919500E-04
632              -1.0498360E+00        8.3496094E-02        4.6984600E-04
640              -1.0595813E+00       -1.7822266E-02        3.7687600E-04
648              -1.0225532E+00        1.1914062E-01        4.4004000E-04
656              -1.0015673E+00        5.1269531E-02        4.8723700E-04
664              -1.0097716E+00        8.4228516E-02        5.1713300E-04
672              -1.0328426E+00       -1.1596680E-01        2.9663700E-04
680              -1.0338040E+00       -2.1484375E-02        5.1125000E-04
688              -1.0280055E+00        1.1401367E-01        1.9415200E-04
696              -1.0154016E+00        3.7524414E-01        6.6021000E-05
704              -1.0295211E+00       -1.4404297E-02        1.0044500E-04
712              -1.0216071E+00        3.2885742E-01        5.3431900E-04
720              -1.0323442E+00       -2.3071289E-01        1.9762500E-04
728              -1.0225583E+00        2.4414062E-03        4.2321500E-04
736              -9.9717273E-01        1.7138672E-01        4.7636800E-04
744              -1.0298622E+00       -5.9326172E-02        1.1378600E-04
752              -1.0361845E+00       -5.3222656E-02        3.9133600E-04
760              -1.0181130E+00       -1.4282227E-01        4.9433000E-04
768              -1.0220903E+00        6.7626953E-02        5.1434400E-04
776              -1.0200610E+00       -9.1796875E-02        3.2433100E-04
784              -1.0054634E+00       -1.9311523E-01        4.8663700E-04
792              -1.0093595E+00       -8.1298828E-02        1.2416900E-04

total thermalization time is  3.0121426E-01      

