step             energy density          mag density             duration
0                -2.3401499E+00       -6.7138672E-03        1.0016000E-05
16               -2.3347807E+00       -4.8828125E-03        4.5000000E-07
32               -2.3278584E+00       -9.3994141E-03        6.4040000E-06
48               -2.3267684E+00       -1.1230469E-02        1.3750000E-06
64               -2.3206870E+00       -8.7890625E-03        3.3990000E-06
80               -2.3014712E+00       -5.3710938E-03        2.2911000E-05
96               -2.2896679E+00       -7.0800781E-03        2.0890000E-06
112              -2.2762140E+00       -1.5747070E-02        4.4600000E-07
128              -2.2272142E+00       -4.1503906E-03        4.8100000E-07
144              -2.0800180E+00        1.7089844E-03        5.7869500E-04
160              -2.0427472E+00        1.3427734E-03        1.0140090E-03
176              -2.0369492E+00        3.7841797E-03        9.4885700E-04
192              -2.0321160E+00       -1.0742188E-02        7.8825500E-04
208              -2.0419019E+00        1.3427734E-03        7.9541500E-04
224              -2.0312437E+00        3.6621094E-03        8.5700300E-04
240              -2.0422141E+00        4.1503906E-03        8.2700000E-07
256              -2.0417712E+00       -9.7656250E-04        1.0540000E-06
272              -2.0345415E+00        1.2207031E-03        8.5100000E-07
288              -2.0297359E+00       -2.1972656E-03        1.0544340E-03
304              -2.0491427E+00        1.8310547E-03        8.0454600E-04
320              -2.0300028E+00       -1.0986328E-03        1.0198800E-03
336              -2.0422484E+00        5.1269531E-03        9.6580100E-04
352              -2.0514958E+00        7.9345703E-03        7.7697700E-04
368              -2.0315467E+00       -6.1035156E-03        6.5000000E-07
384              -2.0434956E+00        5.0048828E-03        8.3166200E-04
400              -2.0364720E+00       -4.7607422E-03        8.5950300E-04
416              -2.0397409E+00       -1.4648438E-03        5.2500000E-07
432              -2.0352469E+00       -1.0009766E-02        8.7369900E-04
448              -2.0417234E+00        4.3945312E-03        1.0017010E-03
464              -2.0269289E+00        4.8828125E-03        9.2353800E-04
480              -2.0473632E+00       -3.9062500E-03        7.8419200E-04
496              -2.0369989E+00        2.4414062E-04        8.0031800E-04
512              -2.0368247E+00       -4.6386719E-03        8.2639000E-04
528              -2.0335177E+00        2.5634766E-03        2.6350000E-06
544              -2.0330332E+00        1.0986328E-03        8.0322700E-04
560              -2.0361941E+00       -1.4648438E-03        7.5524400E-04
576              -2.0473540E+00        2.8076172E-03        7.9155100E-04
592              -2.0398311E+00        4.0283203E-03        9.7283500E-04
608              -2.0406045E+00        3.1738281E-03        7.3170600E-04
624              -2.0354573E+00        7.6904297E-03        7.5596900E-04
640              -2.0452745E+00       -6.1035156E-04        8.1245000E-04
656              -2.0382852E+00       -3.0517578E-03        7.5076200E-04
672              -2.0409799E+00       -7.5683594E-03        7.8964600E-04
688              -2.0449407E+00        3.5400391E-03        7.9227200E-04
704              -2.0270253E+00        5.2490234E-03        7.7498700E-04
720              -2.0392753E+00       -4.0283203E-03        7.5026900E-04
736              -2.0444427E+00       -1.2207031E-04        7.7946700E-04
752              -2.0450058E+00        8.5449219E-04        8.7848500E-04
768              -2.0399556E+00        3.6621094E-03        7.9302100E-04
784              -2.0419792E+00       -3.5400391E-03        8.0014000E-04
800              -2.0385920E+00       -5.7373047E-03        7.5967500E-04
816              -2.0498794E+00        2.6855469E-03        5.5400000E-07
832              -2.0443709E+00        6.3476562E-03        7.8689000E-04
848              -2.0456099E+00       -7.3242188E-03        8.1583600E-04
864              -2.0278185E+00        3.1738281E-03        7.5715900E-04
880              -2.0324553E+00        6.2255859E-03        7.5087300E-04
896              -2.0445016E+00       -2.0751953E-03        7.5878800E-04
912              -2.0388839E+00        8.4228516E-03        7.5689500E-04
928              -2.0405022E+00       -8.6669922E-03        7.6541700E-04
944              -2.0435275E+00       -2.5634766E-03        7.5244200E-04
960              -2.0289349E+00        5.3710938E-03        6.5400000E-07
976              -2.0448230E+00       -5.4931641E-03        7.8433700E-04
992              -2.0393114E+00       -5.6152344E-03        7.3267300E-04
1008             -2.0481318E+00        6.4697266E-03        8.4795400E-04
1024             -2.0342685E+00       -2.5634766E-03        7.4244800E-04
1040             -2.0339674E+00       -7.8125000E-03        7.9031900E-04
1056             -2.0375552E+00        1.5869141E-03        1.0826060E-03
1072             -2.0367523E+00        1.6357422E-02        1.4160000E-06
1088             -2.0474699E+00        5.8593750E-03        7.6041400E-04
1104             -2.0396077E+00       -1.3427734E-03        8.8543800E-04
1120             -2.0445194E+00       -2.6855469E-03        7.9154200E-04
1136             -2.0216518E+00        1.0986328E-03        8.3423900E-04
1152             -2.0392588E+00        2.4414062E-04        1.0041200E-03
1168             -2.0482796E+00        3.4179688E-03        7.7073500E-04
1184             -2.0367504E+00        8.1787109E-03        8.9213400E-04
1200             -2.0382239E+00       -6.9580078E-03        8.2092700E-04
1216             -2.0420356E+00        2.5634766E-03        7.5110800E-04
1232             -2.0385226E+00       -2.1972656E-03        8.2440400E-04
1248             -2.0368049E+00        4.1503906E-03        7.9474500E-04
1264             -2.0476687E+00        6.1035156E-03        7.8430400E-04
1280             -2.0354965E+00       -1.4770508E-02        8.6219600E-04
1296             -2.0433716E+00       -7.6904297E-03        8.7049200E-04
1312             -2.0408867E+00        5.1269531E-03        7.5554400E-04
1328             -2.0501622E+00       -7.6904297E-03        7.5840600E-04
1344             -2.0390079E+00        2.8076172E-03        7.6458500E-04
1360             -2.0388213E+00        3.2958984E-03        8.9590300E-04
1376             -2.0446758E+00        3.2958984E-03        7.5382300E-04
1392             -2.0447617E+00       -7.9345703E-03        7.7626600E-04
1408             -2.0402605E+00        3.7841797E-03        7.6008000E-04
1424             -2.0448910E+00       -1.0986328E-02        8.8800000E-07
1440             -2.0470945E+00        9.7656250E-04        7.8191200E-04
1456             -2.0463119E+00        1.9531250E-03        7.6540000E-04
1472             -2.0485526E+00        1.3427734E-03        8.0961600E-04
1488             -2.0454150E+00       -3.9062500E-03        9.3536900E-04
1504             -2.0335042E+00        8.9111328E-03        1.1810000E-06
1520             -2.0325460E+00        1.0986328E-03        7.6452200E-04
1536             -2.0345575E+00       -7.3242188E-03        7.5143100E-04
1552             -2.0272473E+00        5.0048828E-03        7.5768800E-04
1568             -2.0440490E+00       -5.4931641E-03        8.2977500E-04
1584             -2.0440930E+00        1.0864258E-02        7.4561700E-04

total thermalization time is  1.0246028E+00      

