step             energy density          mag density             duration
0                -4.0055474E+00       -1.5258789E-05        5.8885000E-05
32               -3.9969690E+00        3.8146973E-04        6.4650000E-06
64               -3.9870985E+00        6.1035156E-05        4.2090000E-06
96               -3.9766512E+00       -2.8991699E-04        1.4415000E-05
128              -3.9675102E+00       -7.9345703E-04        5.9260000E-06
160              -3.9581419E+00       -3.9672852E-04        6.6180000E-06
192              -3.9424936E+00        1.0681152E-04        7.3730000E-06
224              -3.9311327E+00       -1.5258789E-04        5.4060000E-06
256              -3.9236810E+00       -5.7983398E-04        7.7920000E-06
288              -3.9175965E+00       -3.3569336E-04        8.9510000E-06
320              -3.9093084E+00       -2.5939941E-04        1.1677000E-05
352              -3.9010377E+00       -6.8664551E-04        1.5540000E-05
384              -3.8936918E+00       -8.2397461E-04        5.2860000E-06
416              -3.8855233E+00       -1.6326904E-03        6.1020000E-06
448              -3.8663448E+00       -1.6479492E-03        4.5520000E-06
480              -3.8107442E+00       -1.2207031E-04        5.4260000E-06
512              -3.7996729E+00       -5.7983398E-04        6.0800000E-06
544              -3.7669610E+00       -1.4038086E-03        1.0505000E-05
576              -3.7229534E+00       -6.5612793E-04        1.0959000E-05
608              -3.5788055E+00        1.9836426E-04        6.3175400E-04
640              -3.2743458E+00        2.8381348E-03        4.3960000E-06
672              -2.8805529E+00        6.8664551E-04        1.3125000E-05
704              -1.9750582E+00       -2.3193359E-03        5.8609880E-03
736              -1.5486260E+00        1.5258789E-04        5.2780000E-06
768              -1.5460634E+00        9.0026855E-04        7.0388120E-03
800              -1.5461203E+00       -1.6021729E-03        6.7683410E-03
832              -1.5450074E+00        6.8664551E-04        6.5447070E-03
864              -1.5439666E+00        5.1879883E-04        6.1629620E-03
896              -1.5487766E+00       -1.8463135E-03        7.2082980E-03
928              -1.5471163E+00        3.9672852E-04        5.2550000E-06
960              -1.5483542E+00        1.2359619E-03        6.1153670E-03
992              -1.5434106E+00        1.5258789E-05        6.3693880E-03
1024             -1.5480331E+00       -4.4250488E-04        6.4724860E-03
1056             -1.5485188E+00       -1.3122559E-03        6.2098750E-03
1088             -1.5468124E+00       -4.8828125E-04        6.5399840E-03
1120             -1.5465170E+00       -1.0070801E-03        6.1223560E-03
1152             -1.5448481E+00       -1.0223389E-03        6.1777140E-03
1184             -1.5468267E+00        6.8664551E-04        6.3315100E-03
1216             -1.5490685E+00        1.5258789E-04        6.5678580E-03
1248             -1.5458126E+00       -3.9672852E-04        6.3361900E-03
1280             -1.5458368E+00       -2.7465820E-04        6.7712330E-03
1312             -1.5453838E+00       -7.3242188E-04        6.5006560E-03
1344             -1.5483434E+00       -3.5095215E-04        6.3835710E-03
1376             -1.5487035E+00        4.8828125E-04        6.4376920E-03
1408             -1.5469955E+00        3.0517578E-04        6.3456470E-03
1440             -1.5458403E+00       -1.4190674E-03        6.4193780E-03
1472             -1.5486568E+00        7.4768066E-04        6.3240870E-03
1504             -1.5487875E+00       -3.9672852E-04        6.9901000E-03
1536             -1.5473614E+00        5.1879883E-04        6.2627240E-03
1568             -1.5479660E+00       -9.7656250E-04        6.4907650E-03
1600             -1.5476030E+00        7.6293945E-04        6.7008220E-03
1632             -1.5472988E+00        1.2207031E-03        6.3592380E-03
1664             -1.5481504E+00       -1.8310547E-04        8.5421990E-03
1696             -1.5467927E+00       -6.5612793E-04        6.9679200E-03
1728             -1.5452366E+00        9.4604492E-04        7.6596100E-03
1760             -1.5451612E+00       -1.0833740E-03        6.4217440E-03
1792             -1.5472613E+00       -9.1552734E-05        6.3518650E-03
1824             -1.5467590E+00        1.1749268E-03        6.5346780E-03
1856             -1.5441640E+00        5.9509277E-04        7.0528420E-03
1888             -1.5469799E+00       -4.7302246E-04        6.1405730E-03
1920             -1.5473531E+00       -3.0517578E-05        6.4070130E-03
1952             -1.5483538E+00       -1.1444092E-03        6.7372930E-03
1984             -1.5443239E+00        4.1198730E-04        6.6667970E-03
2016             -1.5475029E+00        5.7983398E-04        7.5945060E-03
2048             -1.5450570E+00       -1.0528564E-03        6.9545440E-03
2080             -1.5489200E+00        1.8310547E-04        7.0463100E-03
2112             -1.5435435E+00       -1.4801025E-03        6.4759010E-03
2144             -1.5483068E+00       -5.1879883E-04        6.6694230E-03
2176             -1.5451282E+00        2.4414062E-04        6.4681790E-03
2208             -1.5456092E+00        6.2561035E-04        6.5008310E-03
2240             -1.5474196E+00        5.7983398E-04        6.6932310E-03
2272             -1.5460727E+00       -1.1291504E-03        6.9643660E-03
2304             -1.5472218E+00       -3.8146973E-04        6.8442180E-03
2336             -1.5465212E+00       -1.6784668E-04        6.6331410E-03
2368             -1.5464284E+00       -6.5612793E-04        9.5088550E-03
2400             -1.5479339E+00       -6.1035156E-05        9.1795030E-03
2432             -1.5488990E+00       -5.0354004E-04        9.4312500E-03
2464             -1.5487480E+00        1.0681152E-04        8.2901290E-03
2496             -1.5487480E+00       -2.7465820E-04        7.3177010E-03
2528             -1.5490373E+00        4.5776367E-04        7.6959060E-03
2560             -1.5507218E+00       -2.5939941E-04        7.2038050E-03
2592             -1.5473321E+00       -9.4604492E-04        7.2267710E-03
2624             -1.5470448E+00        8.0871582E-04        7.2390920E-03
2656             -1.5442543E+00       -2.2277832E-03        8.3611060E-03
2688             -1.5478910E+00       -4.4250488E-04        7.1666720E-03
2720             -1.5495475E+00       -2.7465820E-04        7.5314490E-03
2752             -1.5475515E+00        1.2969971E-03        7.1647510E-03
2784             -1.5482216E+00       -1.6784668E-04        7.5267170E-03
2816             -1.5483491E+00       -1.2054443E-03        7.1778770E-03
2848             -1.5481580E+00        2.4414062E-04        7.2696790E-03
2880             -1.5474825E+00       -1.1596680E-03        7.2608900E-03
2912             -1.5484864E+00       -1.8005371E-03        7.4682810E-03
2944             -1.5496702E+00        1.2207031E-04        7.2265620E-03
2976             -1.5463804E+00        1.6784668E-04        7.3641180E-03
3008             -1.5474030E+00        2.8991699E-04        7.2242200E-03
3040             -1.5470940E+00        7.0190430E-04        7.1973220E-03
3072             -1.5479317E+00       -4.5776367E-04        7.2575560E-03
3104             -1.5466989E+00        1.5258789E-05        7.3548400E-03
3136             -1.5479845E+00       -7.4768066E-04        7.1204880E-03
3168             -1.5476478E+00       -5.6457520E-04        7.1488640E-03

total thermalization time is  1.7419327E+01      

